21
95 95 95 124 61 124 32 46 120 116 105 106 120 113 110 112 32 105 120 32 106
32 98 111 118 98 112 32 120 107 110 113 110 121 32 105 120 32 120 107 110 104
98 109 116 121 98 32 107 104 105 120 105 122 120 106 111 110 122 32 44 97 97
113 116 113 113 120 109 32 112 98 104 108 32 106 104 109 112 120 105 105 98 116
116 106 120 116 118 98 106 32 112 104 105 111 120 112 120 113 120 32 120 113 122
108 122 111 105 98 107 118 32 106 116 106 116 113 116 122 98 32 120 112 32 104
104 116 105 105 103 61 124 46 106 120 112 98 119 32 98 119 106 98 98 105 98
98 111 120 116 116 124 104 105 122 120 111 120 106 32 121 32 104 105 32 104 119
46 118 106 106 121 10 106 105 106 120 113 110 112 120 98 112 113 116 105 32 32
124 32 108 32 98 56 32 116 116 97 107 110 32 104 104 116 113 103 116 105 111
61 120 104 103 32 41 120 120 32 95 95 80 98 108 106 111 120 32 106 111 120
124 113 120 116 111 32 105 32 113 54 41 32 111 116 120 120 105 120 32 104 116
10 116 32 105 120 66 32 98 120 110 32 104 107 105 113 32 32 104 107 121 109
55 105 111 98 108 113 111 105 46 32 73 107 116 106 98 112 105 108 110 116 98
41 44 120 120 104 116 120 105 104 106 32 120 105 32 112 104 72 120 113 121 106
32 32 122 32 120 108 104 120 105 32 97 116 97 120 111 121 32 111 110 116 32
90 106 46 120 32 122 110 111 103 98 113 113 116 106 32 98 46 32 121 122 98
110 120 124 105 46 124 61 124 10 53 41 32 66 104 122 105 110 107 32 111 106
111 121 61 124 10 57 41 32 81 110 107 120 112 32 116 109 106 104 112 116 106
106 32 121 110 32 120 116 104 106 112 110 121 32 105 120 112 109 110 107 32 98
120 122 105 120 105 104 107 32 113 110 107 120 112 32 121 110 111 120 122 32 112
